Max Shuffle Research

Pancake(1): 0
1

Pancake(2): 1		
12

Pancake(3): 3
231

Pancake(4): 4
1324
3142
2413

Pancake(5): 5
24513
15342
42351
34152
45231
13524
25341
14253
42315
24351
42513
24153
35142
31524
35241
31425
41352
24135
25314
42531

Pancake(6): 7
513246
241635
315264

Pancake(7): 8
2614375
2517364
1647253
5173624
2645371
4175263
4263571
3526471
2536471
3617425
2463571
3647251
3572461
5136274
4725361
4627351
4162573
4625137
4263715
4257361
4261375
4613725
4625731
2537146
5263741
2463751
2537461
5247136
2471536
3624751
6247351
3517462
5371426
5274163
3614725

Pancake(8): 9
24631857
26318574
25318647
25738146
24186357
26418375
24186375
26351847
26815374
26473815
26481537
25183647
25184736
25183746
26845173
24618537
25361847
26183574
24618357
17482635
18352746
17354628
15736428
16473528
17463528
17536428
61835274
61847253
61835724
63518427
63815724
64273815
42738561
16352748
16427538
72418635
27354681
42751863
42753681
53726814
37268451
41863725
42735186
31846275
31857264
35184627
36274185
47263581
35184726
41852736
42736815
36184725
27536481
51842736
52736481
42751836
15274638
27463581
24657381
35274618
46183725
27564183
46183527
15372648
51862473
57381624
52618473
15374862
62845173
15742638
15738624
15386274
15374268
42637581
26473581
14736258
26418537
46258173
73185264
42618537
62473581
46238571
26475381
36257481
17536248
35261847
17462538
62537481
26357481
26184735
53718426
42618357
42518637
72586341
36251847
52748163
37524816
16375248
52648137
62573184
13752648
36481752
25736481
63185247
25374681
52473681
25746381
36185247
57132486
75864231
68574231
27183546
64251837
24637581
42758163
42718536
24753681
37548261
31752846
31628475
31647285
31572864
31758246
31752864
35714286
37416285
37582641
37582614
36825714
36824751
36152847
35172846
38251746
37468251
36825174
35174286
37582461
35748261
36175284
35716482
36482571
35826471
35281746
53174286
16482537
51374826
46285731
47265831
46138275
51364827
57284613
57284136
63147285
46135827
41368275
28351746
51742836
41628375
46152837
57382461
62831574
14725836
57283641
61537482
64825173
62841537
63715284
64825371
28461375
28573164
53716284
48261735
53748261
37528461
41637285
58273164
73152864
53714286
46825371
51473682
41736285
46371528
48251736
58241736
52863741
51736284
28416375
58246371
64827351
28631574
63158274
16385274
63582471
63582741
63741582
41638275
57284163
48263571
47285361
62853741
53174826
53172864
41725386
41758362
41738526
41627385
41683572
62745183
46835172
47268315
47518362
42683715
47523861
47251386
42517386
47583162
47528316
47168352
42613857
48316275
42716385
46172583
42758316
46138527
46158372
46258317
42683175
46283175
47526831
46275831
47261385
25741836
26381475
25386417
26417583
25741683
51427386
52417386
63857241
68357241
52714683
53862741
57146283
57263841
61472583
62483517
72416835
24753861
63852471
24638571
61583742
64273851
62415837
24615837
24168375
26384175
25173846
51738426
25174836
38416275
57248361
48357261
27538461
62748351
26148357
26483571
61742583
62471385
62583174
62741385
68315274
64725831
27461835
27416385
58316274
47385261
52746183
52471638
27416835
38624751
47263851
74628351
26174835
62583741
25386471
38572461
51736248
51486372
51372486
57361842
57384162
57316248
53618472
58462371
52684173
52486371
52713684
53172486
52718463
57184263
52841736
52638417
53726841
57362841
52736841
52731486
57314826
57268413
52486317
52684731
57248631
24815736
26375184
24863517
27153684
73152684
73846251
36847251
71538426
73152648
48627351
62731584
37158426
62847351
31584627
27485136
63724851
72631584
31572684
36482751
73624851
72538461
72516384
64852731
37164852
27351486
62735841
35172486
53684271
24863571
26358471
26847153
31748526
31627584
58462731
26148573
26485173
61482573
62841375
68425731
37516284
57362481
25714863
75263841
36842571
31752684
63581742
62853714
62485173
62748513
62473851
63158247
63741852
63851472
62741853
62583147
25861473
24736185
25816374
41685273
37241685
35827461
41638527
72416385
72485361
25836174
35817462
36258174
41372685
73586241
47285136
25836147
27583641
74258631
25836471
36418572
63185274
27485163
74852631
27315864
42731685
26835714
53862471
26835147
26831574
72481635
73518264
74628153
75281463
37184625
35274816
64817352
72841635
27518364
64725183
75261483
63814725
42753816
26481735
25371846
24718536
57148263
63841725
57246183
36185274
48163527
47258163
52741836
53862714
62471583
62815374
42851736
35182647
36158274
63841527
51836472
27158364
64827315
46137285
51372846
36158472
37528416
64825137
52846173
52861473
46137582
37152846
52836147
24738516
47163852
47153826
62847153
26841735
35174862
53862417
63852741
53714826
35172684
48627153
47138526
46285173
52741638
36147258
73158264
47258361